333333333333333333333333333333333333333333333333333333333333333333333333333333333333333333333333
333333333333333333333033333333333333333333333333333300300333333333333333333333333333303333333333
333333333333333333330030003333333333333333333330000000000333333333333333333333333333003000333333
333333333333300000000000033333333333333333300000000000000003333333333333333330000000000003333333
333333333330000000000000000333333333333333000000000000000033333333333333333000000000000000033333
333333333300000000000000003333333333333333000000000000000333333333333333330000000000000000333333
333333333300000000000000033333333333333330000000000000003333333333333333330000000000000003333333
333333333000110000000000333333333333333330001111111111003333333333333333300011000000000033333333
333333333001111111111100333333333333333330011111111111003333333333333333300111111111110033333333
333333330001111111111100033333333333333301001001110011010333333333333333000111111111110003333333
333333330100100111001001033333333333333301001001110011010333333333333333010010011100100103333333
333333330000100111001100003333333333333300011111111111003333333333333333000010011100110000333333
333333333301111111111103333333333333333333011111111110333333333333333333330111111111110333333333
333333333330111111111033333333333333333333000111111100033333333333333333333011111111103333333333
333333333300001111110000333333333333333330110000000000103333333333333333330000111111000033333333
333333333011100011001111033333333333333300111100000011110333333333333333001110001100111033333333
333333330111111000011111003333333333333301101111111110110033333333333333011111000011111100333333
333333300001111111111101103333333333333000001111111110000033333333333330110111111111100000333333
333333301100111111111101103333333333333011001111111110011033333333333330110111111111100110333333
333333330010111111111100003333333333333300101111111110100033333333333330000111111111101100333333
333333333330111111111101103333333333333333301111111110333333333333333330110111111111103333333333
333333333330111111111110003333333333333333300111111100333333333333333333001011111111103333333333
333333333330001111110033333333333333333333300000000000333333333333333333333000111111003333333333
333333333330111110111033333333333333333333301111011110333333333333333333333011101111103333333333
333333333330111110111033333333333333333333301111001110333333333333333333333011101111103333333333
333333333330011100000033333333333333333333300000000000333333333333333333333000000111003333333333
333333333330000000110033333333333333333333300110001100333333333333333333333001100000003333333333
333333333330000000000033333333333333333333300000000000333333333333333333333000000000003333333333
333333333333000000110033333333333333333333300000000000333333333333333333333000100000033333333333
333333333333001100000033333333333333333333301000000010333333333333333333333300000110033333333333
333333333333000003333333333333333333333333330000300003333333333333333333333333330000033333333333
333333333333333333333333333333333333333333333333333333333333333333333333333333330330333333333333
333333333333333333333333333333333333333333333330333333333333333333333333333333333333333333333333
333333333330300033333333333333333333333333300000000003333333333333333333333030003333333333333333
333333333330000000000333333333333333333330300000000033333333333333333333333000000000033333333333
333333333000000000003333333333333333333330000000000000333333333333333333300000000000333333333333
333333333000000000000033333333333333333300000000000000033333333333333333300000000000003333333333
333333330000000000000003333333333333333300100000000000003333333333333333000000000000000333333333
333333330011000000000000333333333333333301111100000000003333333333333333001100000000000033333333
333333330111111000000000333333333333333301111111000000003333333333333333011111100000000033333333
333333330111111100000000333333333333333301111111000000003333333333333333011111110000000033333333
333333330100111100000000333333333333333301001111001100003333333333333333010011110000000033333333
333333330100111100110000333333333333333301001110001100033333333333333333010011110011000033333333
333333301111111000110003333333333333333301111111100000333333333333333330111111100011000333333333
333333330111111111000033333333333333333300111111110003333333333333333333011111111100003333333333
333333333011111111000333333333333333333333000000000000333333333333333333301111111100033333333333
333333333300000000000333333333333333333333301001110033333333333333333333330000000000033333333333
333333333330000011003333333333333333333333301011110033333333333333333333333000111103333333333333
333333333330101111003333333333333333333333301011110033333333333333333333333010011100333333333333
333333333330101111003333333333333333333333301011110033333333333333333333333011001110333333333333
333333333330011110003333333333333333333333301101110033333333333333333333333011101110333333333333
333333333330111100003333333333333333333333301101110033333333333333333333333011110111033333333333
333333333330111011003333333333333333333333301100000033333333333333333333333011110111033333333333
333333333001010011003333333333333333333333301101110033333333333333333333333011110011033333333333
333333333011100000003333333333333333333333300000100033333333333333333333333000000000033333333333
333333333300001111003333333333333333333333301011100033333333333333333333333000000111033333333333
333333333300001110003333333333333333333333300011000333333333333333333333330010000000003333333333
333333330000000000000333333333333333333333300000000333333333333333333333300000003000000033333333
333330000000003000100033333333333333333333300010000333333333333333333333000000033300000033333333
333330000000333300000003333333333333333333300000000333333333333333333300001000333330000033333333
333333000003333330000003333333333333333333000000000333333333333333333300000003333330003333333333
333333333033333300000000333333333333333330000000000333333333333333333333000033333333333333333333
333333333333333300000033333333333333333333000000000333333333333333333333300333333333333333333333
333333333333333333333333333333333333333333333333333333333333333333333333333333333333333333333333
333333333333333333333333333333333333333333333303330333333333333333333333333333333333333333333333
333333333333330003033333333333333333333330000000000333333333333333333333333333000303333333333333
333333333000000000033333333333333333333333000000000000333333333333333333300000000003333333333333
333333333300000000000333333333333333333300000000000003333333333333333333330000000000033333333333
333333330000000000000033333333333333333000000000000000333333333333333333000000000000003333333333
333333300000000000000033333333333333330000000000000100333333333333333330000000000000003333333333
333333000000000000010033333333333333330000000000111110333333333333333300000000000001003333333333
333333000000000011111033333333333333330000000011111110333333333333333300000000001111103333333333
333333000000001111111033333333333333330000000011111110333333333333333300000000111111103333333333
333333000000001111001033333333333333330000110011110010333333333333333300000000111100103333333333
333333000011001111001033333333333333333000110001110011033333333333333300001100111100103333333333
333333300001000111111103333333333333333300000011111111033333333333333330000100011111110333333333
333333330000011111111033333333333333333330001111111110333333333333333333000001111111103333333333
333333333000011111110033333333333333333330000000000003333333333333333333300001111111003333333333
333333333000000000003333333333333333333333300111010333333333333333333333300000000000333333333333
333333333300111000033333333333333333333333001111010333333333333333333333333011110003333333333333
333333333300111101033333333333333333333333001111010333333333333333333333333011110103333333333333
333333333300111101033333333333333333333333001111010333333333333333333333330111101103333333333333
333333333300011110033333333333333333333333001110110333333333333333333333330111001103333333333333
333333333300101111033333333333333333333333001110110333333333333333333333301110011103333333333333
333333333300110111003333333333333333333333001000110333333333333333333333301110111103333333333333
333333333300111010100333333333333333333333001110110333333333333333333333301100111103333333333333
333333333300000001110033333333333333333333000010000333333333333333333333300000000003333333333333
333333333300111100003333333333333333333333300110110333333333333333333333300110000003333333333333
333333333300011100003333333333333333333333300011000333333333333333333333000000000100333333333333
333333333000000000000033333333333333333333300000000333333333333333333300000000000000033333333333
333333333000000300000000003333333333333333300001000333333333333333333300000033300000003333333333
333333300000003333000000003333333333333333300000000333333333333333333330000333330000000033333333
333333300000033333300000333333333333333333300000000033333333333333333333000333333000000033333333
333333300000003333330333333333333333333333300000000000333333333333333333333333333300003333333333
333333330000003333333333333333333333333333300000000033333333333333333333333333333330033333333333
333333333333333333333333333333333333333333333333333333333333333333333333333333333333333333333333
333333333333333333333333333333333333333333333333333330330333333333333333333333333333333333333333
333333333333333333330030033333333333333333333330000000000333333333333333333333333333003003333333
333333333333333000000000033333333333333333333000000000000003333333333333333333300000000003333333
333333333330000000000000000333333333333333000000000000000033333333333333333000000000000000033333
333333333300000000000000003333333333333333000000000000000333333333333333330000000000000000333333
333333333300000000000000033333333333333330000000000000003333333333333333330000000000000003333333
333333333000000000000000333333333333333330000000000000003333333333333333300000000000000033333333
333333333000000000000000333333333333333330000000000000003333333333333333300000000000000033333333
333333333000000000000000333333333333333300000000000000000033333333333333300000000000000033333333
333333330100000000000001033333333333333301000000000000010333333333333333010000000000000103333333
333333330100000000000001033333333333333300000000000000000333333333333333010000000000000103333333
333333330100000000000000333333333333333333300000000000033333333333333333010000000000000033333333
333333333330000000000003333333333333333333000000000000333333333333333333333000000000000333333333
333333333300000000000003333333333333333330111000000011103333333333333333330000000000000333333333
333333333011110000001110333333333333333301111111111111110333333333333333301111000000111003333333
333333330111111111111111033333333333333011001111111110011033333333333333011111111111111103333333
333333301101111111111000103333333333333011001111111110011033333333333330110011111111110110333333
333333301101111111111000103333333333333000001111111110000033333333333330110011111111110110333333
333333301101111111111030103333333333333011001111111110011033333333333330103011111111110010333333
333333301101111111111033033333333333333300301111111110300033333333333333033011111111110010333333
333333301101111111111033333333333333333333301111111110333333333333333333333011111111110110333333
333333330030011111110033333333333333333333300000000000333333333333333333333001111111003303333333
333333333330000000000033333333333333333333301111011110333333333333333333333000000000003333333333
333333333330111011111033333333333333333333301111011110333333333333333333333011111011103333333333
333333333330001001111033333333333333333333300011001100333333333333333333333011110011003333333333
333333333330011000000033333333333333333333300110001100333333333333333333333000000011003333333333
333333333330000000110033333333333333333333300000000000333333333333333333333001100000003333333333
333333333330000000000033333333333333333333330000000003333333333333333333333300000000003333333333
333333333330000000000333333333333333333333330000000003333333333333333333333300000000003333333333
333333333333033300000033333333333333333333333000000033333333333333333333333300000033333333333333
333333333333333300003333333333333333333333333333333333333333333333333333333330000333333333333333
333333333333333333333333333333333333333333333333333333333333333333333333333333333333333333333333